<?xml version="1.0"?>
<opencv_storage>
<cameraMatrix type_id="opencv-matrix">
  <rows>3</rows>
  <cols>3</cols>
  <dt>d</dt>
  <data>
    5.2903441338492212e+02 0. 1.0794158681820180e+02 0.
    5.3623534725226750e+02 8.3359316660659033e+01 0. 0. 1.</data></cameraMatrix>
<distCoeffs type_id="opencv-matrix">
  <rows>1</rows>
  <cols>5</cols>
  <dt>d</dt>
  <data>
    -9.9485757206891834e-01 8.2795396320673724e+00
    7.2830574497362533e-03 5.3946967171470760e-02
    -2.1570049860850226e+01</data></distCoeffs>
</opencv_storage>
